32 0 0 0.0546875 0.140625
33 0.0546875 0 0.109375 0.140625
34 0.109375 0 0.164062 0.140625
35 0.164062 0 0.21875 0.140625
36 0.21875 0 0.273438 0.140625
37 0.273438 0 0.328125 0.140625
38 0.328125 0 0.382812 0.140625
39 0.382812 0 0.4375 0.140625
40 0.4375 0 0.492188 0.140625
41 0.492188 0 0.546875 0.140625
42 0.546875 0 0.601562 0.140625
43 0.601562 0 0.65625 0.140625
44 0.65625 0 0.710938 0.140625
45 0.710938 0 0.765625 0.140625
46 0.765625 0 0.820312 0.140625
47 0.820312 0 0.875 0.140625
48 0.875 0 0.929688 0.140625
49 0.929688 0 0.984375 0.140625
50 0 0.140625 0.0546875 0.28125
51 0.0546875 0.140625 0.109375 0.28125
52 0.109375 0.140625 0.164062 0.28125
53 0.164062 0.140625 0.21875 0.28125
54 0.21875 0.140625 0.273438 0.28125
55 0.273438 0.140625 0.328125 0.28125
56 0.328125 0.140625 0.382812 0.28125
57 0.382812 0.140625 0.4375 0.28125
58 0.4375 0.140625 0.492188 0.28125
59 0.492188 0.140625 0.546875 0.28125
60 0.546875 0.140625 0.601562 0.28125
61 0.601562 0.140625 0.65625 0.28125
62 0.65625 0.140625 0.710938 0.28125
63 0.710938 0.140625 0.765625 0.28125
64 0.765625 0.140625 0.820312 0.28125
65 0.820312 0.140625 0.875 0.28125
66 0.875 0.140625 0.929688 0.28125
67 0.929688 0.140625 0.984375 0.28125
68 0 0.28125 0.0546875 0.421875
69 0.0546875 0.28125 0.109375 0.421875
70 0.109375 0.28125 0.164062 0.421875
71 0.164062 0.28125 0.21875 0.421875
72 0.21875 0.28125 0.273438 0.421875
73 0.273438 0.28125 0.328125 0.421875
74 0.328125 0.28125 0.382812 0.421875
75 0.382812 0.28125 0.4375 0.421875
76 0.4375 0.28125 0.492188 0.421875
77 0.492188 0.28125 0.546875 0.421875
78 0.546875 0.28125 0.601562 0.421875
79 0.601562 0.28125 0.65625 0.421875
80 0.65625 0.28125 0.710938 0.421875
81 0.710938 0.28125 0.765625 0.421875
82 0.765625 0.28125 0.820312 0.421875
83 0.820312 0.28125 0.875 0.421875
84 0.875 0.28125 0.929688 0.421875
85 0.929688 0.28125 0.984375 0.421875
86 0 0.421875 0.0546875 0.5625
87 0.0546875 0.421875 0.109375 0.5625
88 0.109375 0.421875 0.164062 0.5625
89 0.164062 0.421875 0.21875 0.5625
90 0.21875 0.421875 0.273438 0.5625
91 0.273438 0.421875 0.328125 0.5625
92 0.328125 0.421875 0.382812 0.5625
93 0.382812 0.421875 0.4375 0.5625
94 0.4375 0.421875 0.492188 0.5625
95 0.492188 0.421875 0.546875 0.5625
96 0.546875 0.421875 0.601562 0.5625
97 0.601562 0.421875 0.65625 0.5625
98 0.65625 0.421875 0.710938 0.5625
99 0.710938 0.421875 0.765625 0.5625
100 0.765625 0.421875 0.820312 0.5625
101 0.820312 0.421875 0.875 0.5625
102 0.875 0.421875 0.929688 0.5625
103 0.929688 0.421875 0.984375 0.5625
104 0 0.5625 0.0546875 0.703125
105 0.0546875 0.5625 0.109375 0.703125
106 0.109375 0.5625 0.164062 0.703125
107 0.164062 0.5625 0.21875 0.703125
108 0.21875 0.5625 0.273438 0.703125
109 0.273438 0.5625 0.328125 0.703125
110 0.328125 0.5625 0.382812 0.703125
111 0.382812 0.5625 0.4375 0.703125
112 0.4375 0.5625 0.492188 0.703125
113 0.492188 0.5625 0.546875 0.703125
114 0.546875 0.5625 0.601562 0.703125
115 0.601562 0.5625 0.65625 0.703125
116 0.65625 0.5625 0.710938 0.703125
117 0.710938 0.5625 0.765625 0.703125
118 0.765625 0.5625 0.820312 0.703125
119 0.820312 0.5625 0.875 0.703125
120 0.875 0.5625 0.929688 0.703125
121 0.929688 0.5625 0.984375 0.703125
122 0 0.703125 0.0546875 0.84375
123 0.0546875 0.703125 0.109375 0.84375
124 0.109375 0.703125 0.164062 0.84375
125 0.164062 0.703125 0.21875 0.84375
126 0.21875 0.703125 0.273438 0.84375
